,t0,x0,x1,c,mwebv,mwr_v,z_fit,survey,z_helio,z_cmb,mb,mb_err,x1_err,c_err,cov
SN2004dt,53238.76021070217,0.023472007643657294,-1.9535479370601991,-0.03733573610363243,0.022824935269777816,3.1,0.01969981394877589,csp,0.0197,0.01877781947251167,14.668694543638281,3.2564132774286434e-09,0.08091502613917131,0.02255372251918359,"[[3.25641328e-09 3.39901359e-06 9.40670905e-07]
 [3.39901359e-06 6.54724146e-03 4.77340850e-04]
 [9.40670905e-07 4.77340850e-04 5.08670399e-04]]"
SN2004ef,53264.681859669196,0.0034379561145553624,-1.4172730615494837,0.028390914681231602,0.04722849348904677,3.1,0.031000173281547735,csp,0.031,0.029767710003368197,16.868243542840304,1.3975336092719616e-11,0.02314006167784586,0.01741388613077388,"[[ 1.39753361e-11 -3.75053460e-09  4.79561944e-08]
 [-3.75053460e-09  5.35462454e-04 -7.30318098e-05]
 [ 4.79561944e-08 -7.30318098e-05  3.03243430e-04]]"
SN2004eo,53278.89785223117,0.018017053481758406,-1.257133661129311,-0.07518243086979379,0.09289687254685808,3.1,0.015700071972952673,csp,0.0157,0.014729747946407912,15.243876773686647,4.968601081516481e-10,0.021039333740943748,0.017326969046208878,"[[ 4.96860108e-10 -6.45112572e-08  3.01758365e-07]
 [-6.45112572e-08  4.42653564e-04 -1.12619712e-04]
 [ 3.01758365e-07 -1.12619712e-04  3.00223856e-04]]"
SN2004ey,53305.03582405416,0.023767734551723377,0.08494207969132334,-0.147646793914083,0.11818709721249746,3.1,0.015800020650787804,csp,0.0158,0.014632545934006425,15.042747000503189,1.042755620472303e-09,0.0203252544095646,0.019897020565702427,"[[ 1.04275562e-09 -2.19075774e-07  5.30971188e-07]
 [-2.19075774e-07  4.13115967e-04 -2.06818702e-04]
 [ 5.30971188e-07 -2.06818702e-04  3.95891427e-04]]"
SN2004gc,53327.630594964365,0.00326327628782688,-0.928805857801801,0.13177319492132789,0.17722747045321013,3.1,0.03210023118960026,csp,0.0321,0.03213569218404544,17.470324034104852,2.0595065541125384e-11,0.05005092582225141,0.022294830464743072,"[[ 2.05950655e-11 -8.69860220e-08  8.32761098e-08]
 [-8.69860220e-08  2.50509518e-03 -2.75537783e-04]
 [ 8.32761098e-08 -2.75537783e-04  4.97059465e-04]]"
SN2004gs,53356.54187773527,0.0025723523112134686,-1.9518040524432214,0.10401058728682719,0.026477202576998395,3.1,0.026700017349545156,csp,0.0267,0.0275953516382077,17.100671355841246,9.115241833300341e-12,0.03208299185935364,0.01993734142860848,"[[ 9.11524183e-12 -5.99634874e-09  4.78998880e-08]
 [-5.99634874e-09  1.02931837e-03 -1.34437233e-04]
 [ 4.78998880e-08 -1.34437233e-04  3.97497583e-04]]"
SN2004gu,53362.978334147956,0.001929327337849564,1.5374577527927424,0.0704488018552654,0.022829520827045438,3.1,0.04589946054082646,csp,0.0459,0.0470198635834127,17.404716748155277,4.601288647951901e-12,0.06197842715568835,0.020079727270629354,"[[ 4.60128865e-12 -1.43353991e-08  3.25173837e-08]
 [-1.43353991e-08  3.84132543e-03 -3.58621445e-04]
 [ 3.25173837e-08 -3.58621445e-04  4.03195447e-04]]"
SN2005A,53380.620402544555,0.0009517479632137683,-0.5365838749772134,1.0066170558313885,0.025963983749210877,3.1,0.01909991064532774,csp,0.0191,0.01829905872440829,18.176014968604292,1.7762376282671649e-12,0.03567492324419389,0.025894220292658424,"[[ 1.77623763e-12 -8.77122552e-09  3.07096981e-08]
 [-8.77122552e-09  1.27270015e-03 -2.50194285e-04]
 [ 3.07096981e-08 -2.50194285e-04  6.70510645e-04]]"
SN2005M,53406.76507081938,0.008012784834232057,1.3115046258940943,-0.04949943897754256,0.026828269304116723,3.1,0.021999962576338947,csp,0.022,0.022997034296900143,15.846949657893216,9.302706741211797e-11,0.030304963119609226,0.018096129982058038,"[[ 9.30270674e-11 -2.30670677e-08  1.34671103e-07]
 [-2.30670677e-08  9.18390790e-04 -1.18549465e-04]
 [ 1.34671103e-07 -1.18549465e-04  3.27469920e-04]]"
SN2005W,53412.703518681905,0.038697258836520206,-0.5018028917143336,0.10236536343337306,0.061501320800981016,3.1,0.00889997190673188,csp,0.0089,0.007958338997831937,14.289904117280887,2.844096656797639e-09,0.05986683259609733,0.018866386813046813,"[[2.84409666e-09 2.19353821e-07 8.18972188e-07]
 [2.19353821e-07 3.58403765e-03 7.41216557e-07]
 [8.18972188e-07 7.41216557e-07 3.55940551e-04]]"
SN2005ag,53415.35460003082,0.0007467347654946336,0.2924592751310347,-0.0512982434234739,0.034360773647186676,3.1,0.07969950700812624,csp,0.0797,0.08040249329161941,18.487656256750157,6.852816096544256e-13,0.053093088239536776,0.023425732442415345,"[[ 6.85281610e-13 -6.44502041e-09  1.52014804e-08]
 [-6.44502041e-09  2.81887602e-03 -3.46066984e-04]
 [ 1.52014804e-08 -3.46066984e-04  5.48764940e-04]]"
SN2005al,53431.39262201184,0.02019579944639902,-1.3899439986465931,-0.09956454592947546,0.04777394682567044,3.1,0.012399915981091934,csp,0.0124,0.013304157542830541,14.931976856165312,6.917800332425086e-10,0.030622322937242225,0.020079289815531285,"[[ 6.91780033e-10 -6.75103762e-08  4.34754957e-07]
 [-6.75103762e-08  9.37726662e-04 -1.21782259e-04]
 [ 4.34754957e-07 -1.21782259e-04  4.03177879e-04]]"
SN2005am,53436.68285415513,0.06319484915299414,-1.8947261673042557,-4.37513726628039e-05,0.046124031495588254,3.1,0.007900064239282203,csp,0.0079,0.008982828811573196,13.69226631809924,8.201139401973987e-09,0.03538592236680072,0.020319981078094237,"[[ 8.20113940e-09 -3.91038420e-07  1.47353875e-06]
 [-3.91038420e-07  1.25216350e-03 -1.93579759e-04]
 [ 1.47353875e-06 -1.93579759e-04  4.12901631e-04]]"
SN2005be,53460.3864626902,0.0034295837481560696,-1.8912386270396342,-0.11494457729560088,0.029242486471586407,3.1,0.03499993399076154,csp,0.035,0.03562107367398215,16.784767139318596,9.400957188747841e-11,0.06342380201496665,0.026243266078972097,"[[9.40095719e-11 1.79524796e-07 1.93697565e-07]
 [1.79524796e-07 4.02257866e-03 3.03042947e-04]
 [1.93697565e-07 3.03042947e-04 6.88709014e-04]]"
SN2005bg,53469.98229295101,0.008382681901260632,0.6139923560157905,-0.04839981035305943,0.027611791203993992,3.1,0.023099771037604695,csp,0.0231,0.02421446115810233,15.802545276002897,1.1192114827648256e-10,0.08716611453395673,0.01938650255666479,"[[ 1.11921148e-10 -3.00557998e-07  1.65819265e-07]
 [-3.00557998e-07  7.59793152e-03 -2.63569525e-04]
 [ 1.65819265e-07 -2.63569525e-04  3.75836481e-04]]"
SN2005bl,53482.985824724165,0.0008709217403798903,-4.287910660074363,0.3421563427960001,0.024886241252491212,3.1,0.024100131794893554,csp,0.0241,0.025195460115457147,18.28428507394727,1.5406618214592444e-12,0.1103639211814789,0.026546892086652337,"[[1.54066182e-12 6.85007631e-08 2.69486349e-08]
 [6.85007631e-08 1.21801951e-02 1.59014984e-03]
 [2.69486349e-08 1.59014984e-03 7.04737479e-04]]"
SN2005bo,53479.29831059628,0.01008333247364964,-1.256777882669458,0.1956512237514752,0.0395320056783408,3.1,0.013900071730234529,csp,0.0139,0.015042899939327059,15.66331142036246,1.5469385402779945e-10,0.09787371765172827,0.018616470491764143,"[[ 1.54693854e-10 -9.40041372e-08  1.88272313e-07]
 [-9.40041372e-08  9.57926461e-03 -1.19157944e-04]
 [ 1.88272313e-07 -1.19157944e-04  3.46572974e-04]]"
SN2005el,53647.28897734595,0.021118899175218316,-1.3506693200914477,-0.17077250889541196,0.09808364969164196,3.1,0.014900117155868486,csp,0.0149,0.014884899985507793,15.087827621903703,7.465661879921597e-10,0.04368017023985147,0.019541406144852586,"[[ 7.46566188e-10  1.56197641e-07  3.86452412e-07]
 [ 1.56197641e-07  1.90795727e-03 -1.26444005e-04]
 [ 3.86452412e-07 -1.26444005e-04  3.81866554e-04]]"
SN2005eq,53655.20142504049,0.005460284983699086,1.5232767972680339,-0.00610631798423829,0.06362687563506927,3.1,0.028999742256879343,csp,0.029,0.0283766894807691,16.42126818801315,3.519645044031717e-11,0.05730090852947781,0.018423776368585547,"[[ 3.51964504e-11 -4.49736554e-08  8.20084548e-08]
 [-4.49736554e-08  3.28339412e-03 -2.72053495e-04]
 [ 8.20084548e-08 -2.72053495e-04  3.39435536e-04]]"
SN2005gj,53715.128160813176,0.0008480240023479855,43.195000382205144,-0.07828172158302375,0.10432937283711677,3.1,0.06159796525137611,csp,0.0616,0.06089709923958786,18.29205124489759,6.487000799424303e-11,6.297440683265181,0.06316097554069915,"[[6.48700080e-11 4.86289202e-05 3.10931094e-07]
 [4.86289202e-05 3.96577592e+01 1.85251250e-01]
 [3.10931094e-07 1.85251250e-01 3.98930883e-03]]"
SN2005hc,53668.16635877999,0.0021436275214644445,0.8135531503578968,-0.03295910944199061,0.02814121741934405,3.1,0.045899992729435464,csp,0.0459,0.044934214443217435,17.29863409444499,5.947885456359084e-12,0.0381647219968337,0.020770699210966675,"[[ 5.94788546e-12 -5.70003401e-09  3.89495807e-08]
 [-5.70003401e-09  1.45654601e-03 -1.45758973e-04]
 [ 3.89495807e-08 -1.45758973e-04  4.31421946e-04]]"
SN2005hj,53674.67883020661,0.0014692661364942728,1.859654478903265,-0.030756980086678567,0.03331170812174909,3.1,0.0574004300462385,csp,0.0574,0.05632351805868807,17.729532398933134,2.309497069606071e-12,0.13121816399967232,0.019647366457923688,"[[ 2.30949707e-12 -1.36059561e-08  2.00205687e-08]
 [-1.36059561e-08  1.72182066e-02 -4.91218217e-04]
 [ 2.00205687e-08 -4.91218217e-04  3.86019009e-04]]"
SN2005hk,53691.79646724468,0.048808278201842546,-42.224200832444346,-1.0305668984292595,0.020061264631809475,3.1,0.012999826855515593,csp,0.013,0.011827373691728038,13.855503778725666,1.8484321310889053e-05,14.22512500548616,0.6971788332897013,"[[1.84843213e-05 8.82053961e-03 2.33272942e-03]
 [8.82053961e-03 2.02354181e+02 3.13718338e+00]
 [2.33272942e-03 3.13718338e+00 4.86058326e-01]]"
SN2005iq,53688.19962464271,0.003634003565991462,-1.1647228357884933,-0.13403889477439526,0.01900663001980604,3.1,0.03400011785947506,csp,0.034,0.032872192237641595,16.673398878565102,1.5625574771645554e-11,0.04090981993411392,0.01800841416610596,"[[1.56255748e-11 3.20747816e-08 5.02405770e-08]
 [3.20747816e-08 1.67361337e-03 2.06006474e-05]
 [5.02405770e-08 2.06006474e-05 3.24302981e-04]]"
SN2005ir,53685.596345997146,0.0007681853633167815,0.9482928374096766,-0.012229534895868033,0.026293240607513414,3.1,0.07630015128862512,csp,0.0763,0.07516725812189495,18.426435727855498,5.483872817075424e-13,0.1703961476316459,0.01926225244364038,"[[5.48387282e-13 8.67606047e-09 1.01814538e-08]
 [8.67606047e-09 2.90348471e-02 2.67790754e-04]
 [1.01814538e-08 2.67790754e-04 3.71034369e-04]]"
SN2005kc,53698.245858611546,0.011123759352978234,-0.7830693131505214,0.13754830024088383,0.11361467365635353,3.1,0.01510010222231702,csp,0.0151,0.013861881464545478,15.86185530999285,1.6374314963673298e-10,0.0349985763849728,0.01815519819509486,"[[1.63743150e-10 3.50791515e-08 1.80487960e-07]
 [3.50791515e-08 1.22490035e-03 7.28271436e-06]
 [1.80487960e-07 7.28271436e-06 3.29611222e-04]]"
SN2005ke,53699.667130784524,0.038169935879871546,-3.702188818531844,0.14324131869520018,0.021125155887244045,3.1,0.00489997261460082,csp,0.0049,0.004504265009869668,14.138215333915799,1.0683535933230998e-08,0.13375530830596682,0.035061400870987545,"[[ 1.06835359e-08  2.95124783e-06  3.04025874e-06]
 [ 2.95124783e-06  1.78904825e-02 -2.99422733e-04]
 [ 3.04025874e-06 -2.99422733e-04  1.22930183e-03]]"
SN2005ki,53705.766564667996,0.011125738901410177,-1.46971313369693,-0.11275251413831998,0.027486266648353123,3.1,0.019200105151763184,csp,0.0192,0.020400287613987045,15.492228100890175,1.693470622531047e-10,0.027403580459538432,0.018418153584629327,"[[ 1.69347062e-10 -1.20321927e-08  1.79003684e-07]
 [-1.20321927e-08  7.50956222e-04 -4.08296788e-05]
 [ 1.79003684e-07 -4.08296788e-05  3.39228381e-04]]"
SN2005ku,53699.76518983834,0.001633962167807429,-0.35689107791921276,0.10483845348280003,0.045776975604012005,3.1,0.04539957735232312,csp,0.0454,0.04411849803180856,17.694154094701503,3.503466346934959e-12,0.17503557856618554,0.019857758439282693,"[[ 3.50346635e-12 -4.81231684e-08  2.99938853e-08]
 [-4.81231684e-08  3.06374538e-02 -2.59357421e-04]
 [ 2.99938853e-08 -2.59357421e-04  3.94330570e-04]]"
SN2005lu,53711.98704278394,0.0023089067111138144,1.0751068994829651,0.16169121717708715,0.021944111715891383,3.1,0.03199982020238253,csp,0.032,0.031284567347018566,17.20416292940538,3.700373268396328e-11,0.13107165745816698,0.02591946497117027,"[[ 3.70037327e-11 -3.22737671e-07  1.24734578e-07]
 [-3.22737671e-07  1.71797794e-02 -1.34064315e-03]
 [ 1.24734578e-07 -1.34064315e-03  6.71818664e-04]]"
SN2005mc,53730.86522966838,0.0030570868434125244,-2.1282555153289087,0.16568709404751353,0.03751580832035622,3.1,0.025199997878260872,csp,0.0252,0.026023654904643534,16.961837163471213,3.189556951759566e-11,0.05902080180194246,0.02284234134694354,"[[3.18955695e-11 1.73040421e-07 9.59288371e-08]
 [1.73040421e-07 3.48345505e-03 1.38100816e-04]
 [9.59288371e-08 1.38100816e-04 5.21772558e-04]]"
SN2005na,53741.252339894665,0.007869772056427686,-0.5191559676664229,-0.14021217790992865,0.06681481625966589,3.1,0.02630008113102035,csp,0.0263,0.02682484404300034,16.027806588199205,8.081953408745092e-11,0.03336418511599352,0.01852322583291067,"[[ 8.08195341e-11 -8.78573778e-08  1.39156112e-07]
 [-8.78573778e-08  1.11316885e-03 -2.20207950e-04]
 [ 1.39156112e-07 -2.20207950e-04  3.43109895e-04]]"
SN2006D,53757.990819645034,0.041989744295995134,-1.6579923837859314,-0.0368279647809093,0.039300265923908353,3.1,0.008499971843449151,csp,0.0085,0.009631646502948676,14.106377914638202,2.9425533492254837e-09,0.032267976935067194,0.019365074532958024,"[[ 2.94255335e-09  8.88321221e-08  8.11660265e-07]
 [ 8.88321221e-08  1.04122234e-03 -9.36286223e-05]
 [ 8.11660265e-07 -9.36286223e-05  3.75006112e-04]]"
SN2006X,53786.913721847115,0.014341166691229193,-0.47586517735458783,1.184816906306297,0.022553426442264515,3.1,0.00520002224294893,csp,0.0052,0.006291095342486175,15.14845296848248,4.739723297982037e-10,0.024147522849955493,0.02181986912084004,"[[ 4.73972330e-10 -1.16603568e-07  4.03808753e-07]
 [-1.16603568e-07  5.83102860e-04 -1.69377440e-04]
 [ 4.03808753e-07 -1.69377440e-04  4.76106688e-04]]"
SN2006ax,53828.008663768516,0.018543269308115326,0.1536000751357168,-0.14351688844198057,0.04323992187949964,3.1,0.016699999585626926,csp,0.0167,0.01795188873479492,14.999582192968353,5.97166169528012e-10,0.025632585338280472,0.018557681370958822,"[[ 5.97166170e-10 -1.42278799e-07  3.63348981e-07]
 [-1.42278799e-07  6.57029431e-04 -1.82347098e-04]
 [ 3.63348981e-07 -1.82347098e-04  3.44387538e-04]]"
SN2006bd,53811.25927482611,0.0017018295806713662,-2.506355563483569,0.21432679820305167,0.02380154360933271,3.1,0.025700108065458242,csp,0.0257,0.026818587395166293,17.545854458045614,1.7796313915209376e-10,0.21006536959746805,0.05908019587325821,"[[1.77963139e-10 1.95451031e-06 5.23861816e-07]
 [1.95451031e-06 4.41274595e-02 5.03984131e-03]
 [5.23861816e-07 5.03984131e-03 3.49046954e-03]]"
SN2006bh,53833.987916523125,0.03334995596620364,-1.7031352263919406,-0.07574630307383383,0.022862200011365373,3.1,0.010899916957724765,csp,0.0109,0.010548841020519895,14.285517034559227,1.935031274244302e-09,0.0381481360539821,0.018566569923251067,"[[ 1.93503127e-09 -3.99396565e-08  6.21983360e-07]
 [-3.99396565e-08  1.45528028e-03 -1.25138219e-04]
 [ 6.21983360e-07 -1.25138219e-04  3.44717519e-04]]"
SN2006br,53851.850225336886,0.00047099602632181447,-0.8641352255380456,0.8386544115511074,0.021119293715416727,3.1,0.0245999167163912,csp,0.0246,0.025573659456604947,18.944521330689863,1.3370334487049146e-12,0.12271209658576493,0.03422534017465097,"[[1.33703345e-12 2.47654304e-08 3.27913192e-08]
 [2.47654304e-08 1.50582586e-02 1.84927681e-04]
 [3.27913192e-08 1.84927681e-04 1.17137391e-03]]"
SN2006bt,53858.889182703766,0.003076683640976258,0.38226052211124295,0.12155223975818663,0.04305211789801481,3.1,0.03219999001281185,csp,0.0322,0.03253233441421721,16.97756814582307,1.1562700681209051e-11,0.06021978128210019,0.019708853522904,"[[ 1.15627007e-11 -1.01315439e-08  4.96790643e-08]
 [-1.01315439e-08  3.62642206e-03 -5.07868633e-05]
 [ 4.96790643e-08 -5.07868633e-05  3.88438907e-04]]"
SN2006dd,53908.80568618454,-0.1361621894903989,-13.022377977282355,12.549958764419033,0.017970584890985783,3.1,0.005899974984492075,csp,0.0059,0.005539609687720715,,,27.11218691767724,16.30585485616119,"[[         nan          nan          nan]
 [         nan 735.07067946 -85.96869641]
 [         nan -85.96869641 265.88090259]]"
SN2006ef,53970.698688612545,0.011734510113275748,-1.5358909241706915,-0.04600491564457255,0.020428808278154072,3.1,0.017899978388939773,csp,0.0179,0.017020797091478856,15.409934849337361,6.938053663603799e-10,0.07577188719866514,0.022480084809205714,"[[6.93805366e-10 1.23625911e-06 3.69301647e-07]
 [1.23625911e-06 5.74137889e-03 1.59077130e-04]
 [3.69301647e-07 1.59077130e-04 5.05354213e-04]]"
SN2006ej,53976.58418378898,0.009342641333350096,-1.519670100679093,-0.031055762816775506,0.030216198315927072,3.1,0.020500048038619035,csp,0.0205,0.01937467626591416,15.699746755035768,2.120751989647153e-10,0.04571997687091195,0.023393590963188705,"[[ 2.12075199e-10 -6.46610714e-08  2.59607656e-07]
 [-6.46610714e-08  2.09031629e-03 -3.92822607e-04]
 [ 2.59607656e-07 -3.92822607e-04  5.47260098e-04]]"
SN2006eq,53973.87158541895,0.0010356470543410117,-2.1777630186477506,0.05980714545721668,0.04124082407613607,3.1,0.04950012556898774,csp,0.0495,0.04833744407121654,18.179869530495655,8.606739035265712e-12,0.0741443968250536,0.03006295435366655,"[[8.60673904e-12 1.05227765e-07 6.80374072e-08]
 [1.05227765e-07 5.49739158e-03 4.48297387e-04]
 [6.80374072e-08 4.48297387e-04 9.03781224e-04]]"
SN2006et,53994.70507303683,0.007466912498618653,0.7788416846461238,0.11409720655742032,0.016484083652199933,3.1,0.022600138681395317,csp,0.0226,0.021599597893620315,15.894568877494493,8.189396173258265e-11,0.03461565187177336,0.019537517724973755,"[[ 8.18939617e-11 -6.67035770e-08  1.36034476e-07]
 [-6.67035770e-08  1.19824335e-03 -1.74713983e-04]
 [ 1.36034476e-07 -1.74713983e-04  3.81714599e-04]]"
SN2006ev,53990.04460214659,0.0026712508625677104,-1.3622814122261748,0.09546900039409907,0.07746189082515895,3.1,0.028699986795468452,csp,0.0287,0.02755439049637265,17.270759009348012,1.9592258833272858e-11,0.07257022822576582,0.025590641138255432,"[[ 1.95922588e-11 -1.19105147e-07  8.74396008e-08]
 [-1.19105147e-07  5.26643802e-03 -4.97575392e-04]
 [ 8.74396008e-08 -4.97575392e-04  6.54880914e-04]]"
SN2006fw,54004.423937321924,0.000485926672546056,-1.2350595012790857,0.03010192643807918,0.02811205809074552,3.1,0.0835004252684448,csp,0.0835,0.0824634149712089,18.977711653259043,3.358026454594941e-13,0.10784605810754987,0.02637042798236736,"[[ 3.35802645e-13  7.62093473e-09  1.15592127e-08]
 [ 7.62093473e-09  1.16307722e-02 -1.70051391e-04]
 [ 1.15592127e-08 -1.70051391e-04  6.95399472e-04]]"
SN2006gj,54000.31735211693,0.0016146861121976062,-2.13753066676649,0.23633285887046723,0.07245814932372446,3.1,0.028400076365472177,csp,0.0284,0.027800062787857183,17.808589338176375,3.837794799584693e-12,0.07473507727356046,0.021708063159646174,"[[ 3.83779480e-12  5.04684271e-09  3.30384499e-08]
 [ 5.04684271e-09  5.58533178e-03 -8.92548290e-05]
 [ 3.30384499e-08 -8.92548290e-05  4.71240006e-04]]"
SN2006gt,54003.20854241963,0.0009625139721196262,-2.2082042281555503,0.11920727457673422,0.03203576638201347,3.1,0.044799594765363736,csp,0.0448,0.043652669422983736,18.222551587851473,1.2798779937652942e-12,0.07004521144520562,0.022736317198773684,"[[ 1.27987799e-12 -2.72680535e-09  2.08013349e-08]
 [-2.72680535e-09  4.90633165e-03 -1.68523026e-04]
 [ 2.08013349e-08 -1.68523026e-04  5.16940120e-04]]"
SN2006hb,54001.54555699308,0.012962736297220724,-2.2412840138588064,0.010956875144436374,0.023450809335250816,3.1,0.015300036753847973,csp,0.0153,0.015304195645568841,15.318090014672325,6.236662189476534e-10,0.07574004987454162,0.02553283884027953,"[[6.23666219e-10 8.94002807e-07 4.87698326e-07]
 [8.94002807e-07 5.73655515e-03 2.68135224e-04]
 [4.87698326e-07 2.68135224e-04 6.51925859e-04]]"
SN2006hx,54022.401190699136,0.0018696050455114708,-0.31754147210132183,0.0023770686487796858,0.02579641377817784,3.1,0.045500143546789676,csp,0.0455,0.04439279388070094,17.449414354082325,7.0308717202147574e-12,0.0977279519184435,0.0219121348782924,"[[7.03087172e-12 1.43031737e-07 4.34149635e-08]
 [1.43031737e-07 9.55075259e-03 4.10314617e-04]
 [4.34149635e-08 4.10314617e-04 4.80141655e-04]]"
SN2006is,54003.64926953565,0.006549260176554857,4.802549410142359,-0.16140271115130225,0.028965576049208273,3.1,0.03099994670703929,csp,0.031,0.031090490703061135,16.05111741699616,3.8213862051473055e-10,1.1639193624907405,0.040011537725933174,"[[ 3.82138621e-10 -3.99096905e-07  4.56655939e-07]
 [-3.99096905e-07  1.35470828e+00 -3.22338001e-02]
 [ 4.56655939e-07 -3.22338001e-02  1.60092315e-03]]"
SN2006kf,54041.66942585381,0.0077080837737113,-2.0662723676240033,-0.0616044966602817,0.2111548865539906,3.1,0.021300014208860546,csp,0.0213,0.020802065339005305,16.65771543581502,9.835353080286902e-11,0.05719031629359385,0.020446855109678405,"[[ 9.83535308e-11  5.18266431e-08  1.61472259e-07]
 [ 5.18266431e-08  3.27073228e-03 -1.29214297e-04]
 [ 1.61472259e-07 -1.29214297e-04  4.18073884e-04]]"
SN2006lu,54036.28961693141,0.0017657276410139274,0.264260286247158,-0.11022035341764752,0.09926190318509276,3.1,0.05340014462084926,csp,0.0534,0.05448778028735202,17.79576995885988,6.114974035127709e-12,0.0664157719492552,0.020219523522835774,"[[ 6.11497404e-12 -6.52550879e-08  3.98295584e-08]
 [-6.52550879e-08  4.41105476e-03 -4.16986408e-04]
 [ 3.98295584e-08 -4.16986408e-04  4.08829131e-04]]"
SN2006mr,54053.769191981635,0.17272915493359392,-26.072536555035125,-12.01656054906518,0.01798173198598729,3.1,0.005899971843673209,csp,0.0059,0.005539737218970275,,,18.61916339886593,16.052685572012802,"[[         nan          nan          nan]
 [         nan 346.67324567  98.36973214]
 [         nan  98.36973214 257.68871407]]"
SN2006ob,54063.82173533911,0.0009861200284239878,-2.170799366811728,-0.0850411205014195,0.028481219035194537,3.1,0.059200240175557896,csp,0.0592,0.058202180890155164,18.165929666014687,1.0977402768426798e-12,0.1021617474905853,0.021268830416834916,"[[ 1.09774028e-12  1.94682329e-08  1.40300848e-08]
 [ 1.94682329e-08  1.04370227e-02 -3.43915197e-04]
 [ 1.40300848e-08 -3.43915197e-04  4.52363147e-04]]"
SN2006os,54065.35855242793,0.0016239576129862055,-0.7222046729677004,0.29590021537578887,0.12540838006801724,3.1,0.032799996587877016,csp,0.0328,0.03207097241601242,18.028810782444555,3.6949670992743335e-12,0.06267213841003555,0.021075269961770147,"[[ 3.69496710e-12 -1.49217516e-08  3.26935879e-08]
 [-1.49217516e-08  3.92779693e-03 -1.78623795e-04]
 [ 3.26935879e-08 -1.78623795e-04  4.44167004e-04]]"
SN2006ot,54063.856131064116,0.0011690603632995462,1.0682183669361114,0.09822952562253917,0.015213385022200876,3.1,0.053100047950269104,csp,0.0531,0.05231259515134412,17.93261754409548,2.2009472483974594e-12,0.118276037191836,0.020849577424305765,"[[ 2.20094725e-12 -5.39968328e-08  2.47305887e-08]
 [-5.39968328e-08  1.39892210e-02 -5.18658767e-04]
 [ 2.47305887e-08 -5.18658767e-04  4.34704879e-04]]"
SN2006py,54071.26700375531,0.0012579443659635119,0.3233860604202108,0.0001561417204278519,0.051704042485135854,3.1,0.057900156250205496,csp,0.0579,0.05661307766461943,17.99330137149753,2.1605185561135495e-12,0.306625192835254,0.020868577835368447,"[[2.16051856e-12 3.02853103e-09 2.45906526e-08]
 [3.02853103e-09 9.40190089e-02 3.36439701e-04]
 [2.45906526e-08 3.36439701e-04 4.35497541e-04]]"
SN2007A,54113.74166008636,0.009589554999017508,0.6805912646105092,0.11226708630086207,0.06339063743510513,3.1,0.01769994045515069,csp,0.0177,0.016509629529785075,15.814274708794827,1.2289564791358776e-10,0.11561407254669402,0.018386749109594407,"[[ 1.22895648e-10  2.10079476e-07  1.57254788e-07]
 [ 2.10079476e-07  1.33666138e-02 -6.03410795e-05]
 [ 1.57254788e-07 -6.03410795e-05  3.38072543e-04]]"
SN2007N,54113.83154820216,0.0033150072897310933,-3.4018633578519513,0.32937440046710814,0.03466644583272683,3.1,0.01290007016442105,csp,0.0129,0.014044734214063048,16.85344753734937,2.0848621056408516e-10,0.14149117133880348,0.050785210567714116,"[[2.08486211e-10 1.53140258e-06 6.27488578e-07]
 [1.53140258e-06 2.00197516e-02 3.05381649e-03]
 [6.27488578e-07 3.05381649e-03 2.57913761e-03]]"
SN2007S,54145.099686310066,0.008999977829923537,1.1715827020399527,0.32041187959561773,0.023917370294342193,3.1,0.013899986034164823,csp,0.0139,0.015070703444224565,15.723423564103182,1.3560973002388667e-10,0.052734183141813114,0.019222025945741555,"[[ 1.35609730e-10  6.78000554e-08  1.68229405e-07]
 [ 6.78000554e-08  2.78089407e-03 -1.46388915e-04]
 [ 1.68229405e-07 -1.46388915e-04  3.69486281e-04]]"
SN2007af,54174.987558761335,0.10368060286258633,-0.5927688797731069,-0.01936948157531362,0.03369874683150666,3.1,0.0055000037669334575,csp,0.0055,0.006334583092123758,13.103129208171357,2.3249860502685875e-08,0.027839361818641918,0.018132522894033342,"[[ 2.32498605e-08 -3.64916069e-07  2.17954265e-06]
 [-3.64916069e-07  7.75030066e-04 -1.38149868e-04]
 [ 2.17954265e-06 -1.38149868e-04  3.28788387e-04]]"
SN2007ai,54173.907455177745,0.0028100523873676843,1.125148446765851,0.14391354241843435,0.28493849738385585,3.1,0.031699840136264666,csp,0.0317,0.03205796575748332,18.07038597058902,1.0468035104578025e-11,0.10979318708900837,0.01998340171967918,"[[ 1.04680351e-11 -4.17649724e-08  5.21890218e-08]
 [-4.17649724e-08  1.20545439e-02 -2.73653501e-04]
 [ 5.21890218e-08 -2.73653501e-04  3.99336344e-04]]"
SN2007al,54160.50577672349,0.006009934328880413,-3.116906620525458,0.0742904292521892,0.03612839183245699,3.1,0.012200077943011775,csp,0.0122,0.013365095728223642,16.20782754266568,5.881666970694554e-10,0.13740671330095264,0.04369023379812882,"[[5.88166697e-10 2.42770132e-06 8.69575381e-07]
 [2.42770132e-06 1.88806049e-02 2.24366778e-03]
 [8.69575381e-07 2.24366778e-03 1.90883653e-03]]"
SN2007as,54182.26691660279,0.011446550389288776,-1.0253147141582368,0.060906671808512405,0.12248805092706036,3.1,0.017600159251486974,csp,0.0176,0.017942386327459703,15.86589411962775,2.2405591495038416e-10,0.04477939847120467,0.021224522963224735,"[[ 2.24055915e-10 -1.12742027e-07  2.54778021e-07]
 [-1.12742027e-07  2.00519453e-03 -2.06306607e-04]
 [ 2.54778021e-07 -2.06306607e-04  4.50480375e-04]]"
SN2007ax,54186.26396031575,1.7233882586025429,-30.73000219337304,-8.452061646058517,0.046269740179905226,3.1,0.0069000292465665,csp,0.0069,0.007686597371920678,,,16.032303117706217,21.413540718632518,"[[          nan           nan           nan]
 [          nan  257.03474326 -154.64388315]
 [          nan -154.64388315  458.53972611]]"
SN2007ba,54197.48006251021,0.0015222912613744998,-2.6054455973762227,0.2312416422994925,0.03157813338813755,3.1,0.03849992832397541,csp,0.0385,0.03909014437351188,17.725459143017478,3.1660753258877893e-12,0.06588258777346767,0.021329565055146923,"[[3.16607533e-12 1.56288750e-08 2.83664262e-08]
 [1.56288750e-08 4.34051537e-03 1.45951966e-05]
 [2.83664262e-08 1.45951966e-05 4.54950345e-04]]"
SN2007bc,54200.77454416928,0.008518119464401308,-1.1133713133295702,-0.032300997515914545,0.018619780482354808,3.1,0.020800055729067297,csp,0.0208,0.02191757511499648,15.751287988844094,8.592459342668666e-11,0.03620318007361339,0.019132053601280428,"[[ 8.59245934e-11 -4.47666597e-08  1.33030474e-07]
 [-4.47666597e-08  1.31067025e-03 -2.02957208e-04]
 [ 1.33030474e-07 -2.02957208e-04  3.66035475e-04]]"
SN2007bd,54207.31746624844,0.004455502504737934,-1.1244327995378893,-0.07710479879589857,0.029214747850011574,3.1,0.030899779071880993,csp,0.0309,0.031871780899233704,16.499594213571754,2.354560731033691e-11,0.04148500816155521,0.018903808766890514,"[[ 2.35456073e-11  9.55898073e-09  6.67541954e-08]
 [ 9.55898073e-09  1.72100590e-03 -4.72228490e-05]
 [ 6.67541954e-08 -4.72228490e-05  3.57353986e-04]]"
SN2007bm,54225.408649735735,0.031871452109578244,-1.0150055164292502,0.3600026441927565,0.03528625339363651,3.1,0.006199963217353851,csp,0.0062,0.007442503658637634,14.390413940037485,2.0104427659286642e-09,0.041242238918427494,0.020165760161861713,"[[ 2.01044277e-09 -5.63508159e-07  7.33506787e-07]
 [-5.63508159e-07  1.70092227e-03 -2.92187225e-04]
 [ 7.33506787e-07 -2.92187225e-04  4.06657883e-04]]"
SN2007ca,54228.21239612007,0.008047694997284542,0.5929905632545159,0.21925328666369323,0.057476889787346504,3.1,0.014099956256274651,csp,0.0141,0.01512827256964866,15.98193120235143,1.0318349530917656e-10,0.03326163734175042,0.019437474011095,"[[ 1.03183495e-10 -4.36183359e-08  1.60986890e-07]
 [-4.36183359e-08  1.10633652e-03 -1.90661553e-04]
 [ 1.60986890e-07 -1.90661553e-04  3.77815396e-04]]"
SN2007cg,54227.771037867715,0.0010057084315285285,0.818620431589649,0.5858719394762443,0.07048681940892096,3.1,0.033200057638718215,csp,0.0332,0.03422854995616209,18.340531421845427,4.626945136453358e-12,0.11114522403214805,0.026099817705601523,"[[ 4.62694514e-12 -7.51641095e-09  4.34154144e-08]
 [-7.51641095e-09  1.23532608e-02 -1.36303209e-04]
 [ 4.34154144e-08 -1.36303209e-04  6.81200484e-04]]"
SN2007hj,54349.43700677632,0.010650805085846426,-2.16812385692546,0.1388347208727056,0.0757651475075587,3.1,0.014100132175703512,csp,0.0141,0.012861106559890034,15.752953695031247,2.0848494544055566e-10,0.03655838502351377,0.021863334260182648,"[[ 2.08484945e-10  8.80335929e-11  2.58009224e-07]
 [ 8.80335929e-11  1.33651552e-03 -8.36618341e-05]
 [ 2.58009224e-07 -8.36618341e-05  4.78005385e-04]]"
SN2007hx,54354.71383254056,0.0003724602879985527,0.6066733581721201,0.09174520265217807,0.030162738476570965,3.1,0.07940057280890891,csp,0.0794,0.07844294647414962,19.266585825005066,1.4986435809138737e-13,0.14456787053415035,0.019875180549592232,"[[ 1.49864358e-13 -1.20380431e-08  5.48672271e-09]
 [-1.20380431e-08  2.08998692e-02 -4.55771649e-04]
 [ 5.48672271e-09 -4.55771649e-04  3.95022802e-04]]"
SN2007if,54343.350557243255,0.003451682550884935,0.7772273669084593,-0.10135664542563284,0.0710264807303712,3.1,0.07419991658753008,csp,0.0742,0.07305288187769499,16.95303298017564,8.891619344394689e-11,0.13066570113788378,0.028949193918013188,"[[8.89161934e-11 5.68496476e-07 2.09024153e-07]
 [5.68496476e-07 1.70735255e-02 7.02060072e-04]
 [2.09024153e-07 7.02060072e-04 8.38055829e-04]]"
SN2007jd,54362.90270132508,0.0004845754063043353,-1.237268520565829,0.11401880886201243,0.06637035699139174,3.1,0.0726002458813836,csp,0.0726,0.07187878539542547,19.14670521386951,3.286056757037975e-13,0.12789117794042482,0.025303425301031565,"[[ 3.28605676e-13 -1.27509303e-08  1.16377377e-08]
 [-1.27509303e-08  1.63561534e-02 -4.58502743e-04]
 [ 1.16377377e-08 -4.58502743e-04  6.40263332e-04]]"
SN2007jg,54367.18135363347,0.0021726605106843952,-0.6257226464507198,0.030821890453837802,0.09127945747595989,3.1,0.03710002835907867,csp,0.0371,0.03655055029625842,17.552747496090824,6.073792460094302e-12,0.05937975970403532,0.021673177058484195,"[[ 6.07379246e-12  2.01094144e-09  4.21766920e-08]
 [ 2.01094144e-09  3.52595586e-03 -2.30771298e-04]
 [ 4.21766920e-08 -2.30771298e-04  4.69726604e-04]]"
SN2007jh,54366.246778167995,0.00084872136134335,-2.4026186614517946,0.22231206678881385,0.08910058460085588,3.1,0.040800165129626816,csp,0.0408,0.04027710416898933,18.598860390744488,1.2995914640543628e-12,0.09805085796708812,0.028422859256198713,"[[ 1.29959146e-12  1.58086972e-08  2.57175560e-08]
 [ 1.58086972e-08  9.61397075e-03 -1.26644549e-04]
 [ 2.57175560e-08 -1.26644549e-04  8.07858928e-04]]"
SN2007le,54399.878816885794,0.05140221447704481,0.24856686372196754,0.24296129669905467,0.02875745688753973,3.1,0.006700020336126251,csp,0.0067,0.005497718701041432,13.845895916762032,5.8332831677023725e-09,0.028883170303463823,0.019120527275674034,"[[ 5.83328317e-09 -3.37120470e-07  1.22194534e-06]
 [-3.37120470e-07  8.34237527e-04 -1.72414909e-04]
 [ 1.22194534e-06 -1.72414909e-04  3.65594563e-04]]"
SN2007mm,54377.59441186775,-0.005733063655001132,-33.127431481338405,-4.278645736179354,0.0313376117016638,3.1,0.06640110689358046,csp,0.0664,0.06525094280154309,14.72141320120091,6.9877612062189e-05,13.00288144113946,19.535545115445903,"[[ 6.98776121e-05  5.95236570e-03  5.74840407e-03]
 [ 5.95236570e-03  1.69074926e+02 -8.34062485e+00]
 [ 5.74840407e-03 -8.34062485e+00  3.81637523e+02]]"
SN2007nq,54398.92839246845,0.0019893657319868707,-1.9168848267154535,-0.026015305769849693,0.03048465300562326,3.1,0.04499957047281411,csp,0.045,0.04385480349943238,17.405000057784928,5.52873449152176e-12,0.05296107504477259,0.020867184965643673,"[[ 5.52873449e-12 -2.34331758e-08  3.66394205e-08]
 [-2.34331758e-08  2.80487547e-03 -3.51564747e-04]
 [ 3.66394205e-08 -3.51564747e-04  4.35439408e-04]]"
SN2007ol,54413.35806940244,0.0011182349617948385,-3.1020575683347644,-0.09187545009828745,0.02054806288980166,3.1,0.05590026612370418,csp,0.0559,0.05485659493320871,17.999707175785076,2.2458544259241884e-12,0.40943087292722863,0.026027584974059298,"[[2.24585443e-12 2.11289279e-07 2.73480353e-08]
 [2.11289279e-07 1.67633640e-01 1.54861356e-03]
 [2.73480353e-08 1.54861356e-03 6.77435180e-04]]"
SN2007on,54420.44261328123,0.13136460415458845,-2.569556781209217,-0.1039016007762511,0.00991579720241815,3.1,0.006500027959282201,csp,0.0065,0.0061903972163595,12.74492004780944,5.267589269942288e-08,0.06192898680366639,0.020989270119985724,"[[ 5.26758927e-08  9.70336173e-07  3.73346630e-06]
 [ 9.70336173e-07  3.83519941e-03 -1.69015590e-04]
 [ 3.73346630e-06 -1.69015590e-04  4.40549460e-04]]"
SN2007so,54440.892258219064,0.0006865556519214267,12.894987122537,0.5414785677269645,0.11558239602450404,3.1,0.02970115451134654,csp,0.0297,0.028939691959722014,18.909455935909183,2.321637380852862e-10,9.501184487714136,0.09536369417022492,"[[2.32163738e-10 1.35207117e-04 8.64955502e-07]
 [1.35207117e-04 9.02725067e+01 3.40042550e-01]
 [8.64955502e-07 3.40042550e-01 9.09423417e-03]]"
SN2007sr,54450.13954187418,0.1421710319634391,-0.047563908338047176,0.06971458922479958,0.04047821787749507,3.1,0.005499941820060078,csp,0.0055,0.006690386903067447,12.789553953640393,5.536141212795603e-08,0.03561971658959198,0.021275630054842502,"[[ 5.53614121e-08 -1.45774215e-06  4.11737161e-06]
 [-1.45774215e-06  1.26876421e-03 -2.70960078e-04]
 [ 4.11737161e-06 -2.70960078e-04  4.52652434e-04]]"
SN2007st,54453.824574783204,0.009675267037387447,-1.740259856371751,-0.003482389517690998,0.014189318123033668,3.1,0.02119991853491191,csp,0.0212,0.020672933673671512,15.59785008171118,1.5159057805737246e-09,0.058437029920195324,0.022897212517338627,"[[ 1.51590578e-09 -6.40317245e-07  6.06369828e-07]
 [-6.40317245e-07  3.41488647e-03 -2.88285509e-04]
 [ 6.06369828e-07 -2.88285509e-04  5.24282341e-04]]"
SN2007ux,54465.32686096549,0.0021678061692773634,-2.0742194163867143,0.08648224647910985,0.03865491382492817,3.1,0.03090032406105308,csp,0.0309,0.03203818745152387,17.340918882375686,8.332737854417615e-12,0.058429032918060606,0.02289347945620114,"[[ 8.33273785e-12 -4.01280469e-08  5.26903167e-08]
 [-4.01280469e-08  3.41395189e-03 -1.77215120e-04]
 [ 5.26903167e-08 -1.77215120e-04  5.24111402e-04]]"
SN2008C,54468.443224074384,0.009532110863042152,-0.9833042471750641,0.1307342212806918,0.07204778690206645,3.1,0.016599831911247916,csp,0.0166,0.017064898364450132,15.858317631627546,1.7587461802142863e-10,0.08474117189017862,0.02199848150027846,"[[ 1.75874618e-10 -2.34106955e-07  2.33019870e-07]
 [-2.34106955e-07  7.18106621e-03 -2.64523271e-04]
 [ 2.33019870e-07 -2.64523271e-04  4.83933188e-04]]"
SN2008J,54496.00595501407,0.0024628784824329954,6.634090272987251,1.4200183203084578,0.019495907706164484,3.1,0.015899932173932794,csp,0.0159,0.015150928732408087,17.070441608227025,1.4649901845312056e-11,0.28056703132037175,0.02826318815246715,"[[1.46499018e-11 3.42845024e-07 8.42139580e-08]
 [3.42845024e-07 7.87178591e-02 1.14109237e-03]
 [8.42139580e-08 1.14109237e-03 7.98807805e-04]]"
SN2008O,54491.3789755327,0.0009714976718945885,-2.1560451062261,0.33085993072074643,0.07585233234567533,3.1,0.03890071538828762,csp,0.0389,0.03940743955490067,18.403674316489884,1.1879154561848967e-12,0.06694714333424077,0.021481382378858084,"[[ 1.18791546e-12  7.61842517e-10  1.84104992e-08]
 [ 7.61842517e-10  4.48192000e-03 -5.46696566e-05]
 [ 1.84104992e-08 -5.46696566e-05  4.61449789e-04]]"
SN2008R,54494.44557747865,0.014798269766708142,-2.3412446632886947,0.04492239379978053,0.06202084408502785,3.1,0.01349996978930015,csp,0.0135,0.012885878748119639,15.335748978294625,3.744725842249312e-10,0.0490176547203374,0.020463443381381362,"[[ 3.74472584e-10  2.91830578e-08  3.01427483e-07]
 [ 2.91830578e-08  2.40273047e-03 -1.15684808e-04]
 [ 3.01427483e-07 -1.15684808e-04  4.18752515e-04]]"
SN2008ae,54511.20862466639,0.0008001730433130751,-2.9717899448365848,0.3768592961725279,0.02369781462470916,3.1,0.030000748991001268,csp,0.03,0.03114864515723026,18.384661193569805,1.4073860161142714e-12,0.36273597404944574,0.031539705754319705,"[[1.40738602e-12 1.62186309e-07 2.66909328e-08]
 [1.62186309e-07 1.31577387e-01 6.76804490e-03]
 [2.66909328e-08 6.76804490e-03 9.94753039e-04]]"
SN2008ar,54535.34885188909,0.005886987464783154,-0.18543795391883752,-0.02158118561124482,0.03165642704095217,3.1,0.02609962368036717,csp,0.0261,0.027247966491842135,16.208029536956083,6.009948712060342e-11,0.04144255108718946,0.022824434642224563,"[[ 6.00994871e-11  1.43922297e-08  1.43393037e-07]
 [ 1.43922297e-08  1.71748504e-03 -1.97704250e-04]
 [ 1.43393037e-07 -1.97704250e-04  5.20954817e-04]]"
SN2008bc,54550.581269313465,0.023562381810613674,0.5807190264606215,-0.09499976041671929,0.22550709929515722,3.1,0.01509998901850958,csp,0.0151,0.015739622640399853,15.500866695841442,8.012805808308076e-10,0.023258641853057656,0.01841143849197228,"[[ 8.01280581e-10 -1.26875288e-07  4.09815720e-07]
 [-1.26875288e-07  5.40964421e-04 -1.36918382e-04]
 [ 4.09815720e-07 -1.36918382e-04  3.38981067e-04]]"
SN2008bd,54524.73459572709,0.0026662630168159947,-3.2345227622522796,-0.19698155397062103,0.07511799859296861,3.1,0.03009982400743259,csp,0.0301,0.031334622821265645,17.23959434700297,3.1266084249788993e-10,0.21020503843177354,0.07238465824201354,"[[3.12660842e-10 3.29328453e-06 1.15400495e-06]
 [3.29328453e-06 4.41861582e-02 1.19586657e-02]
 [1.15400495e-06 1.19586657e-02 5.23953875e-03]]"
SN2008bf,54555.60061688166,0.00970414545126037,0.4053573852320833,-0.12242892757316606,0.02971233782867539,3.1,0.023499980738449264,csp,0.0235,0.024596609534965896,15.645789363035682,1.3806832526455023e-10,0.029655754698688013,0.01887671552744091,"[[ 1.38068325e-10 -5.16362003e-08  1.67082362e-07]
 [-5.16362003e-08  8.79463787e-04 -1.50601620e-04]
 [ 1.67082362e-07 -1.50601620e-04  3.56330389e-04]]"
SN2008bi,54537.59867181134,0.005378107940550534,-2.772666572319615,0.1698192184417373,0.037379980331966524,3.1,0.013399966785207846,csp,0.0134,0.014365360660764548,16.33674594675295,4.943498924053401e-10,0.11641926496741595,0.04686408514394608,"[[4.94349892e-10 1.55720698e-06 7.78041952e-07]
 [1.55720698e-06 1.35534453e-02 9.48394250e-04]
 [7.78041952e-07 9.48394250e-04 2.19624248e-03]]"
SN2008bq,54563.91640244311,0.003648989118765356,0.3981788757299036,0.049785849430005524,0.07776435723852901,3.1,0.033999810489478026,csp,0.034,0.03447471821442383,16.92974112225651,1.8051168844586774e-11,0.03936795866724987,0.01957048136439453,"[[ 1.80511688e-11 -1.99285057e-08  6.74618384e-08]
 [-1.99285057e-08  1.54983617e-03 -1.33526222e-04]
 [ 6.74618384e-08 -1.33526222e-04  3.83003741e-04]]"
SN2008bt,54572.21770055952,0.003852556847749265,-3.068712386350962,0.3895032533222429,0.04805916611950687,3.1,0.015400042211887541,csp,0.0154,0.01664682494423153,16.749301626429332,3.040511679737207e-11,0.13471672618540656,0.02485681710530279,"[[3.04051168e-11 1.03000868e-07 1.08517517e-07]
 [1.03000868e-07 1.81485963e-02 1.43251494e-04]
 [1.08517517e-07 1.43251494e-04 6.17861357e-04]]"
SN2008bz,54580.08039803907,0.001179823406612451,-0.6784159134805215,-0.08969029775293669,0.022911780513510706,3.1,0.06030054165955797,csp,0.0603,0.061456957888169406,17.93449332654047,2.114020570789694e-12,0.09426865662337529,0.022379961986083316,"[[ 2.11402057e-12 -1.86750236e-08  2.58578296e-08]
 [-1.86750236e-08  8.88657962e-03 -2.39927515e-04]
 [ 2.58578296e-08 -2.39927515e-04  5.00862698e-04]]"
